00000000000000000000000000010000000000000000000000000000000000000000000000000000000000000000000000000
00000000000000000000000001010000000000000000000000000000000000000000000000000000000000000000000000000
00000000000000011000000110000000000001100000000000000000000000000000000000000000000000000000000000000
00000000000000100010000110000000000001100000000000000000000000000000000000000000000000000000000000000
00011000000001000001000110000000000000000000000000000000000000000000000000000000000000000000000000000
00011000000001000101100001010000000000000000000000000000000000000000000000000000000000000000000000000
00000000000001000001000000010000000000000000000000000000000000000000000000000000000000000000000000000
00000000000000100010000000000000000000000000000000000000000000000000000000000000000000000000000000000
00000000000000011000000000000000000000000000000000000000000000000000000000000000000000000000000000000
00000000000000000000000000100000000000000000000000000000000000000000000000000000000000000000000000000
00000000000000000000000000011000000000000000000000000000000000000000000000000000000000000000000000000
00000000000000000000000000110000000000000000000000000000000000000000000000000000000000000000000000000
00000000000000000000000000000000000000000000000000000000000000000000000000000000000000000000000000000
00000000000000000000000000000000000000000000000000000000000000000000000000000000000000000000000000000
00000000000000000000000000000000000000000000000000000000000000000000000000000000000000000000000000000
00000000000000000000011000000000000000000000000000000000000000000000000000000000000000000000000000000
00000000010100000000001100000000000000000000000000000000000000000000000000000000000000000000000000000
00000000010010000000010000000000000000000000000000000000000000000000000000000000000000000000000000000
11000000000011000000000001100000000000000000000000000000000000000000000000000000000000000000000000000
11000000001000110000000010100000000000000000000000000000000000000000000000000000000000000000000000000
00000110000011000000000100000011000000000000000000000000000000000000000000000000000000000000000000000
00001000010010000000000100100100100000000000000000000000000000000000000000000000000000000000000000000
00000000010100000000000100000011100000000000000000000000000000000000000000000000000000000000000000000
00000000000000000000000010100000111000000000000000000000000000000000000000000000000000000000000000000
00000000000000000000000001100000010100000000000000000000000000000000000000000000000000000000000000000
00000000000000000000000000000000000100000000000000000000000000000000000000000000000000000000000000000
00000000000000000000000000000000000110000000000000000000000000000000000000000000000000000000000000000
00000000000000000000000000000000000000000000000000000000000000000000000000000000000000000000000000000
00000000000000000000000000000000000000000000000000000000000000000000000000000000000000000000000000000
00000000000000000000000000000000000000000000000000000000000000000000000000000000000000000000000000000
00000000000000000000000000000000000000000000000000000000000000000000000000000000000000000000000000000
00000000000000000000000000000000000000000000000000000000000000000000000000000000000000000000000000000
00000000000000000000000000000000000000000000000000000000000000000000000000000000000000000000000000000
00000000000000000000000000000000000000000000000000000000000000000000000000000000000000000000000000000
00000000000000000000000000000000000000000000000000000000000000000000000000000000000000000000000000000
00000000000000000000000000000000000000000000000000000000000000000000000000000000000000000000000000000
00000000000000000000000000000000000000000000000000000000000000000000000000000000000000000000000000000
00000000000000000000000000000000000000000000000000000000000000000000000000000000000000000000000000000
00000000000000000000000000000000000000000000000000000000000000000000000000000000000000000000000000000
00000000000000000000000000000000000000000000000000000000000000000000000000000000000000000000000000000
