0001110100111111001011010000101000001001011110111000100111000010011001100101011100100100000101111011
1101011110100111010101001010111010010010011000001111100111011011000000111101100101111001011100110110
1100001000010110100011001011001101010011101011100100001110101010101000000111100000011100101001101101
0110010000100101011011111000011100001010101110111111010100111010100101110111110100010101010000101100
1011111010100111100100011010001000100110101010011000101110110011001000100010101101100111111000010110
1001111010011000111100000101110110101011001100110110001010101001100100100101010111001111000010011010
0010101101001111110010011001110100011010000011000000011100101110111101011100001000011001001111110010
1000111010011000110001001101110010101110101100000100010000100100100011111101110110110100011111101100
1011000011111011001110110000110010010100000101100000001011001101001010100100010011111110001000011110
0000101010111001011001011101011110000110101100101010011101001101000011000010110110011000000111010000
0101101100011111011001000011010010100111111100010001011100100011010011000111011010001000000111110000
1110011010010010001110000111110010011100111000101110100100001111000101101000000001001001101111100110
0001001000110010001001100010110001111000011101101001001101110000101000110110010110011110100111101111
0000101100011010001100100001101000100011111110001111100111101010110101011001000001100001000111000100
1010010010011000001010001000110100111011101100011110000000110101001101010010101010011100101011011010
0010010010001101101110110100001000011000101001011110010010011011111101100110011100000101000101001010
0011101111001100000111110111101010100100000000100001001001111000111100001101100111111111100111111110
1000010110111111111111001011100101000101000100010110000111011010111001000010010111101011010010110110
1001110111110100111000101110000111010010101001100100011111110111101011010100111101111000000110010010
0110010100110110000001111101110100000000010001110101010011100100111110101110110001011110010011111100
1000000010001011000000001011110110011100110001100110101001011111000110000111101010001111010011011011
1100001110100111011100100110010000101100011101101000111000010111010011101000110100010010001110011000
1010101011111001011101101000001101001000010000100010111111100010111011101010111010010100110110100101
1010011000110001010001101011011010011001001110111111100111011111110000000111100011011100111110111011
0110010111110001000110011001111100011110000100100111110000100100110110011001111100001110101010010000
1000011101011110001110011100000100101110011011101100000011001011101011000010010100001100011001100001
0001101011111101101010100111011101001011110101111001001010100101010010100101010110110100010011010010
1101100101011110000001110010011110100000000111000001101010111011111001111011101110001001011110101011
0011100011000001100111001111001000111100111101110101110011111110000100110011101011000010010011001011
0011100101010110001111100011010000001000001010110101111001101001000101010110010010101010101101000011
1011011011011010110110101001101111110101010110100111110111001010001100000101110010100101101100110101
1110101111010000110001110000100000010110101001100110101010101000011000101111101001111010101100110101
0001101000000100111011101011011110101101100101010001111011000011111010100101011111100001110100010010
1110001111001100110100100010101001110110001111101111100010110011011000101111001100000110010100101010
0010111010111010000000101011000111101001010000010001111100001010110000110001000101111001110000111001
1111000101011010010000011011100111000000110011100000001100001000010001110000110101001101101010001011
1000011011101111001011111010000101011100110010110101101110011011101111110001111001100100000101010111
1110000011000100100000111011111000100100101011110010100010110100101010001011111101001101100110110101
1111000111100110111110101110001011000110001111111101011001000010001111110001000111010101010110101010
0101011100001010100000100111111110010010100011100111011100101011100110000001000101011101110010111100
1011111110010011110101101011000000111100110110110000001101010110110101001001010010010110100100011010
1111010111001010000111011111101110100001111001101000100011111100000100010011101000001000100011010010
1001110000111100100110100110011111100000110100100010110011110011101101000011100111011111111001001100
0110111010111100011101001001010111111000011011100110110100111010001111011011100100111011100010000110
0110111010101101000000010111000000101111000100111001111001001110010111000011101100100000000011011010
1011111101010110111110100011101001110101110011101101100011110010111011010010101010111011101001100101
1011100000010110100001001111011001110001111001001010011101111010101011000011001111110010100110010111
1011011011011000000010100001100001110101111000011110111010011101010000110110101110000111110100000101
0111000010001100100001000110000010111110111011101111111011000011000010110111101001100111110011101110
0000101110010100000010000001000110001110010000001111000100110111110000111001100001111010011100001000
1000000101000000111101111010100100001001101001110110100010010101100001111010101000010010110100001110
1101000111011100001011011010110111010110111011010010110111011110010000010011110011010001111101010011
0110000111011010000101111000011000011000011110101010000100110111001001011010100110111001110011001110
0001011111001001110000001001011000100101010110110100000001000011000110011010101100110100001010000110
0101110000110010110100000110110110100101000000001001001011010110010101110111011010011001111000100010
0001111101000000011011111111010100100110011101100010000000011010111001100110100000000101011100101010
1100000110111110111111000000110000110000110011011010111010000001011011001101010101110010101000001010
0010001001011111110110001110010101010101010000001111000100011011101101101100111101111011011100111011
0110010000111001010100101111011000000101011011100100100101100101110001010011100001111111111110100011
0111011010100100010100110001110000111001110101101011001110101101001100000001100101001101000000000110
1100110111001011100101111010000111010111101101010101100100110001100110100001001110010111101110011100
1100011110011001000101111000010100100101111101110000111100000000000001101101110011110110110001100100
1111000110110110011001110101110000011101011110101100110011000110011111010111000001111010001010001010
0011011110011111001001001011011010000011111100110000100000110100010101100100111000001001011011011101
0111101000010110100100001011010010101101111100000100111100101101001000100110010001101101111100010111
1110010100111101110101100011100010101110101010101011001111011101101110100011000001101000000010010000
0000101111111111010110001000100111100111011000100000111011010100010011001001000100000000100010001101
1100100011010000001101101111111110100101000010101110111110110001111100101010010001110000110000111000
1011100010010111001101010011100101000110000110101000011111110010110000010101100111011100000110110100
0011011000000011110001110110001011111111000100101001110100010110010011001101001010011100101011000100
1000001010110011100011100101000110010100001100011100100101000111100011010101010011101100011110111010
1100010100000010100000010110110010000110111111110010011010110010000000000010101100011110100110101111
1100000011001000100001110111000011011100011100011101001111011111000010001001010011010110111101100111
1101101101000000001111011110010101001011010111101011101100001011010101111011010111110001000011101001
0000110111001011111101001001111000001000011111100000101010001000111000101100010101000010010001111010
1100010011110010001001101010000011100110111010111001011110000101010001011011010010111110011000011001
0101010110110101010000000000000010001110001001010010101000101100010100000101101111000100011011010011
1001001101110100000110111101100111111010000011011001110100110000100011011000010001101100110001010001
1101111000000101000101101111011011010011111111110001111100111111111101100101000101110001001001000000
1110110100001011000110101000011001011001100101000010111101111111100011100000011101111100011010101100
1101101110000001101111010001100001011010111100100000000010011100011110010100000111110111011001101011
1111011110010000010001111100011111010010000001101110010100101110011111011110110111110101111110011001
0100110110011101000010110110000011100010001011001010100000011100100000000011111010100011010110000001
0011000110100001000101101000001110010010100010001001010010010011100111110010010010011101111100100011
1101001000010001001111001010110001010001101001110111001100111011111111100011100001011001010001101000
0100011111001010100001011010011000111101011001001001101000010001110101110011101100000001010110111100
1011110010110000101010100001011001110110001011110001000100000100111110111000101010111100001101001110
1111000011010110010100111101011010101000011011000000011011000000111111101101101011100011010010011000
0111001101100001100011001100010101110100111111010110101010011000101010100010000001000011101011011110
0011111111011100100011001101010011110001101111000101111101011100011100011100000111000001001000001010
0111100101111000110011111110001101111111100000010101010010100100000111111110000111100000010001000110
0011000011011001000100100001111111100011001001100111010110010101010010110100101100010001001100100111
1101010100101100000011110100001110101011000010001111001110100011101000101111101001101001001111011111
1110100111000001111011101101001011011000000101101111101100001110010110000100000010111000001011100010
1010111011110111001111000011010010101010010000110111100100110101110111111101101000010010011101101000
1011001001111101001111101011010110110101111111100100100010100010110001110111011001100110101101101011
1011110010111111100101110111101111000110000000100010111100010101100010110011100000101100101010110011
0110101010101100000001100011011011000011110010110010100011001110101111111101111001010011010111100011
0010000010111111110101101001000111000110010111001010101111110110010010101101111101001110011100001100
0110100111010000011110011011111100011010100001101001000100001111101010011011010010000001110111000110